
128
(
301
401
823
1060
1230
1945
2368
2391
2992
3078
3353
3435
3527
3785
4740
5087
5278
5290
5301
5304
6692
6693
6852
6995
7672
7697
7720
7873
8088
8224
8284
9078
9171
9311
9759
9885
11146
11777
12008
12981
13005
13224
14534
15883
15897
16805
17923
18022
18119
18564
19819
20883
21315
21827
22243
22649
23012
23721
23918
24251
24783
24828
26399
26626
26809
26858
26881
26886
28029
28058
28236
28692
29206
29894
29954
30165
30223
30304
30714
31104
31459
32293
32315
32465
32721
33580
33674
33862
34299
34371
34441
34716
34794
36144
36229
36538
36775
37387
37699
38100
39003
39078
39145
39272
39552
39783
40164
41387
41424
41516
41566
41572
41806
44768
45469
45970
46056
46164
46355
47497
47578
47634
48237
48602
48769
48815
48993
49375
)
